72893
121268
109837
124373
117345
125900
124640
117462
128978
122367
129617
122438
128777
129614
122440
127303
122443
129355
127984
129498
125151
127199
117984
117098
128643
117015
127063
116192
116458
116086
116382
125169
129374
129236
129234
129373
129233
129232
125884
129222
129216
111178
126007
126046
128446
105389
104431
129372
129370
126385
129360
72893
123236
110799
125900
125918
126374
129274
126479
126830
124671
124640
122063
113535
107826
128371
128777
122367
122438
122440
122441
122443
128378
126520
124373
123617
129620
118978
117858
129629
118470
127737
127731
129630
129379
129632
117426
118418
51066
118406
48041
129638
117856
128959
117501
125393
129617
123658
128978
129614
117462
117345
72893
105119
115668
127196
125138
127088
124980
89484
121268
121379
126957
90409
124902
128523
129355
128517
121711
121763
120684
126370
86137
119576
119593
119595
78876
119615
119631
119632
119669
120146
116345
105466
127303
120472
120518
129087
126030
126842
126839
128674
129262
125879
129192
128687
96962
100155
123031
123950
123946
123143
109837
72893
125861
124572
126382
126376
120921
129636
106123
118732
48230
123314
120596
128328
102940
128848
118946
129615
127809
84846
126760
128494
46796
55482
126204
129536
127069
127589
128181
116513
123230
128072
129158
113158
115794
128389
121158
128986
129612
128149
127394
117939
69881
113484
127205
94440
127076
128055
127676
72893
129200
127813
72893
126969
125307
120169
128703
126537
124258
124576
129580
87297
129181
127044
129160
127008
126543
115938
126165
126166
128154
107685
116307
115583
123935
118623
126994
119367
127468
127445
113158
129000
129271
127259
121048
129266
117641
129500
110986
129547
129653
91290
86335
124944
116358
127129
104830
129615
127065
99752
127320
126199
124648
72893
111672
128891
124271
126660
118013
124019
129002
127589
127033
119045
122277
125854
109210
123877
128659
96541
126641
120975
124226
111065
126522
123230
128866
81905
98260
129378
128729
128055
110722
128892
127476
124048
125087
117906
128543
124738
46796
115293
123341
124469
109388
129335
125967
124812
124427
128344
112668
129162
129227
129615
72893
126434
99753
54855
106123
117761
118006
122483
127981
128829
126130
127466
125602
125893
128723
86256
128180
106574
109415
129177
121550
126682
123877
109264
118972
110448
120126
128976
118961
126572
128855
97711
122859
120039
128148
125696
125704
128590
126618
128618
112622
116319
126653
129622
89647
122958
126716
122586
93891
113620
127360
72893
126077
129162
127670
122621
124226
127162
110599
127815
127069
127065
96098
127589
109997
97711
115879
126685
72447
112466
121288
95763
124395
129437
125119
128608
121114
124907
128969
129341
121048
126394
125607
128914
125459
115910
129642
119368
105295
126316
122548
128892
129572
128591
123128
128328
125952
121953
129653
120188
129580
110448
72893
127090
129622
128489
129506
128071
120632
127753
129628
124692
123503
129548
103241
125027
126684
116818
125945
119949
129598
129609
125430
128895
129437
106806
72447
129476
128149
107270
121863
129182
102672
124639
127205
129572
129474
126716
126530
127467
129061
116574
127048
121147
124427
127853
96541
111065
123341
125704
126975
125089
120347
72893
124861
128751
128055
129195
129086
128967
125967
123114
125696
129081
123095
125028
122548
112891
128401
118515
129018
93519
120865
128830
113158
127079
98355
126122
125861
123230
122709
99295
45938
96704
115255
120580
129536
122283
81124
128770
127474
126165
76473
118973
127715
121039
128154
125704
124735
103241
125854
118536
105586
109762
72893
125451
126964
126712
99753
120865
124645
100195
125104
127320
125764
127476
127470
126760
106123
120921
120944
126572
126165
124692
129060
123964
128568
126841
129086
128590
124454
129295
128154
112166
101537
122286
104868
89590
110971
124969
126778
52759
119283
122916
119416
118732
126382
122606
128892
125281
129634
129177
127798
120774
127467
72893
127474
128447
96541
113553
89878
124756
128504
127442
129127
99804
125689
127486
127446
125784
84068
126936
110986
118946
128356
128389
97711
106507
118498
129159
115674
86572
128945
127715
118731
127935
123341
124907
128329
126971
122916
129193
86335
119374
128268
129546
102940
122859
128619
118568
125607
106770
124427
125430
128855
126097
72893
126780
125704
125422
125868
129160
122289
129349
82194
124019
87297
129347
79423
96098
112970
120708
128152
121303
120796
129411
123935
125952
99989
126170
129346
121288
125607
128661
128585
87030
62782
52759
84846
128356
117005
128489
122027
124735
110357
124469
129177
126130
104812
124037
124067
128703
128938
129072
115674
127442
124722
72893
124970
129622
112133
128843
129552
128976
128356
118416
128538
72447
126712
128892
122277
124019
78120
124722
129607
69881
127720
128946
127474
128618
121787
127014
118006
129497
93519
125952
102672
96704
127008
124736
78120
128996
127396
120774
128661
123449
96634
128665
123242
106767
128504
128489
120944
109339
128153
127014
127543
122859
110837
72893
124592
113531
124404
124450
110594
110754
123975
112892
106311
124186
95974
72893
103729
126271
120870
126163
126148
125888
117879
102789
124884
118919
115853
102455
124586
124333
104848
104682
125640
117830
125287
120872
107334
125687
117868
77742
119558
105543
111837
125537
111322
125515
70363
120314
81433
78764
123265
125215
125203
98514
125060
116435
124974
124013
124895
123600
124855
124796
119232
124696
109907
123854
72893
123306
127473
126473
125981
88301
61856
122535
115375
104247
115777
127232
127250
81217
107754
126422
127191
120115
114118
127068
123641
126951
126925
109969
123903
126555
126799
122492
126736
122582
95642
126646
125963
93388
62449
62448
88125
116875
119236
119234
119711
119680
111888
111384
110546
126392
126363
112561
126339
126291
126168
72893
128254
106941
128255
128145
126189
116097
125256
99094
128050
101165
99778
61687
127359
126260
64110
119427
119812
127832
123708
122358
119837
127773
127422
127032
119639
124064
99542
119542
118307
101839
101838
127661
125529
127656
127677
125493
127542
127292
125464
123761
115984
127544
127609
127562
127548
92390
86551
76592
74147
121377
72893
119208
121894
128728
121597
78107
96509
81630
127872
128639
106519
35882
125492
76143
76142
105665
113010
128270
122555
126273
107271
126310
128510
75091
120114
119752
122705
128375
128384
128407
128274
128332
103674
128365
107208
110477
128315
100260
126239
124882
128017
128294
124113
114355
127739
97433
119483
69446
128193
126929
107518
72893
123827
118199
118161
129055
84925
129139
114650
125645
123571
125489
96202
129122
129133
128653
33928
128933
113212
119144
122993
125404
99291
125819
127169
106515
128642
119919
128550
128064
111047
127794
112597
128463
128885
118088
128735
106996
96881
112055
125481
125429
128865
82633
115156
125175
117571
128820
128728
121597
121696
121894
72893
129345
110384
129353
110446
120627
120625
124179
120354
109014
129292
106556
93298
93300
124690
124754
129327
114089
105846
121818
86864
128749
123278
125997
102445
105731
93514
116141
129265
97570
125880
29784
128471
126781
106689
129268
129280
122204
121733
127117
126283
129053
128913
124808
123827
128732
129175
129199
117188
123039
128771
72893
128179
119348
117242
128466
121117
107877
129451
98617
121084
129398
103066
112539
55793
86144
128472
129430
106811
129217
116848
127409
114447
106664
99892
105904
113948
93760
77150
77706
126053
119135
118422
118852
125361
129442
125998
124241
109124
126390
127660
117966
82821
127585
115651
119151
115159
85313
120363
79798
82835
111452
72893
127831
129582
129502
129602
127027
127684
127421
126691
99615
128459
127273
127387
127272
129526
128646
108471
128626
114001
109226
129537
95177
109021
129539
82947
109788
123713
129524
87816
129523
129522
129521
122349
123167
109180
113147
127238
80255
125271
114879
128458
118668
129479
116340
44712
42577
97102
128057
126277
117239
96059
72893
105586
128518
126198
105876
101738
128526
108053
129125
113030
113319
113882
124001
115828
123093
117493
119796
112109
129184
129186
108162
109434
109541
113495
109567
129218
111141
117995
111673
121592
129513
126553
127421
129471
126691
128304
127436
127390
95316
127387
127027
127272
129502
127273
128360
129582
127684
70637
99615
127831
100202
72893
129393
104152
125422
126541
119374
94386
121158
129570
127474
129572
129174
120058
128996
124576
94440
124181
124852
125045
129208
129475
96634
127162
128848
127321
124067
121114
116358
127467
129341
113660
129612
126199
118731
125307
128656
122483
123359
124737
117906
129461
118498
120003
104830
128340
114931
125670
110986
125704
128401
105586
72893
129626
128484
129555
100202
127105
123787
111041
87060
122993
127253
122873
122855
127281
111141
111673
112109
124296
114092
127081
103412
125034
125008
105759
96773
124843
104462
108313
108326
108524
97051
123919
103518
15025
127071
122068
112497
76759
119486
70637
66881
56936
115170
115262
99872
54784
127927
116378
116511
117818
113882
72893
128756
124435
117025
128625
127475
128159
127552
69480
109683
128240
95564
125609
117084
126320
126738
120681
124127
127229
116465
127024
127016
117687
121018
126729
99700
126715
126551
119895
120999
123261
120566
110348
107688
124673
123326
124230
128304
129645
129651
129648
129525
129654
128357
128904
129621
129624
129625
128883
129600
129545
72893
125940
119539
122086
94433
121035
129144
127619
128637
128672
129006
122015
129229
129278
108513
128089
125230
128982
129263
129386
116635
105900
128695
118179
98137
123263
119434
125597
127915
128853
82567
118175
129084
129104
128569
129108
128746
128929
124069
116778
127894
116078
119458
120247
126364
114384
121086
128756
127475
128625
124435
72893
110884
127211
122836
123578
64060
108362
125448
126068
104145
39703
125417
115505
129591
129592
89175
129531
119393
123962
128280
93128
128942
129571
127845
124108
126200
118676
126197
126244
113734
129277
110999
122114
121942
117088
128605
125911
124804
121940
124896
126631
127322
123366
124628
124850
123632
119743
123318
122086
129382
126080
72893
89836
89588
106765
106566
84812
85278
89587
106761
79881
78935
73598
104238
102557
92936
94374
94388
94377
94379
94380
96706
74708
94387
94878
96119
96540
94376
66225
64082
53099
56928
77049
59614
99384
99311
94372
94373
63624
94375
118500
128952
126068
104145
123623
123578
126681
127211
85110
125448
104267
108362
72893
123455
110417
124459
118334
122454
118426
125101
125105
125107
108722
125103
125102
117139
103120
82009
124809
122561
122556
122350
122235
122231
123840
124775
125129
69956
123401
65399
94385
97238
84358
99383
92976
52786
55402
97922
75193
113277
74795
94381
58860
66340
121858
123680
40680
117010
111400
124579
96706
94374
94373
72893
109879
126604
126585
126582
99402
126581
126574
80407
125538
126287
86066
120037
126259
115362
121220
110116
110430
125332
103193
103122
110114
126296
126292
110115
126298
118466
126205
114936
119778
113272
115355
125618
119773
123845
111381
124322
109688
124888
121612
126111
125619
117993
112134
126033
117549
114440
115801
118483
107452
124335
72893
127161
127170
124414
127167
126139
118248
126299
84684
125782
127020
111396
127018
127017
127025
127066
127064
127015
127067
127056
125855
116731
126989
121715
125090
103009
117199
87501
71071
121036
112443
122925
126713
126717
126657
126732
126731
126730
126058
126718
112524
105301
98374
126585
126604
126582
109879
99402
126581
126574
80407
72893
96690
127094
117418
106063
98491
115516
92957
100866
126669
126624
126663
126655
126589
126648
126629
121569
74845
113644
127592
127690
124789
119268
118184
108210
121238
116041
118942
127358
112858
121352
118476
115350
127344
127347
127341
118943
127349
127343
120820
76758
127374
98294
120688
118349
127323
127334
127336
127326
125426
127337
72893
118287
123363
122480
121861
125297
80083
103216
125800
120595
116124
121708
120411
112473
127879
127685
126928
86625
127972
120575
127324
115744
127399
118499
127883
126452
95886
127881
127876
116133
127850
119526
127849
127851
127846
127858
124220
127848
97698
127857
127852
100149
123758
120017
127744
127842
112756
126054
125205
99878
106227
72893
125835
127813
126199
128590
124477
125670
123362
118255
99310
127446
113620
124764
129634
115652
126971
128986
128955
129162
110395
86256
129163
126546
125870
124765
126233
126204
99295
121303
127912
125498
122293
127396
126149
129346
126533
126685
78808
124812
128504
127445
106770
105388
128916
104830
128911
121863
127470
109442
128608
129636
72893
99401
100313
127340
100734
127746
128252
125200
127126
122903
126503
112444
116244
93640
127772
128233
105532
106408
124910
107596
128201
121270
88192
100675
125542
127364
126406
104450
127971
124582
124580
124581
125289
128102
128106
125570
125232
126477
124851
125616
113220
125228
125260
128104
128119
128069
116941
121860
121861
125800
123363
72893
121283
126698
76121
127538
126341
128607
119543
127256
84453
116173
115617
105044
127884
121707
104070
119544
120162
73933
122919
101265
128485
83708
120374
119992
113828
126914
117757
128118
124544
123890
109972
128164
126721
128308
119103
121655
126381
106222
128339
120638
86410
126640
80808
124195
126247
103063
100734
124578
127340
128252
72893
127692
128838
128784
128778
93920
115566
128650
127367
120032
125484
113359
127043
128785
128617
128707
128755
104158
126069
126074
117236
121208
126023
127116
120270
126480
118903
128706
115701
125123
127862
115402
128368
113639
128612
128607
118241
119543
122665
126329
121283
112449
76121
123141
128486
126341
127256
127224
116173
128652
128611
72893
128156
114524
101299
128166
127034
127955
127489
102128
114710
128951
126010
110789
104154
120956
126191
126188
113675
117033
126043
124753
126461
124727
129017
90583
128863
122578
127797
128469
124667
128839
127692
128840
124354
127106
128851
112299
128838
128857
126319
128835
128150
128837
128852
128784
128834
120032
127043
128778
125484
128785
72893
117222
114817
120709
124328
118902
123684
127861
123967
123953
121426
128711
128864
122512
94289
121040
120825
119228
128007
107354
121626
117922
129051
128552
115373
126743
128764
96745
114294
115807
128759
111648
120902
122959
127345
128836
120154
120075
120073
123839
124514
125266
20932
126499
105114
122417
126123
115776
122477
106609
127841
72893
126787
116427
116425
129322
125923
128444
129250
116629
99277
113975
114473
129328
111499
121584
121585
106108
121588
43677
126272
121586
128786
121634
121714
122199
129282
121578
128705
128382
116929
127512
129220
125875
124139
116821
127264
116298
121580
121230
126027
121541
121577
121538
121295
128186
124382
121234
121576
110901
128511
129173
72893
122236
128578
129363
91258
118960
125603
79101
124921
80264
94443
122776
92573
122369
129366
126693
129332
124155
105296
118940
124088
102413
128442
103217
125441
81887
122541
125605
125611
127634
128594
120831
127416
123127
121298
125414
121395
123911
128876
129240
123837
127800
106524
126073
123338
116972
124678
126333
129340
129330
120340
72893
127707
81846
129164
124293
118162
121530
87450
124787
121132
121127
129528
129529
122826
127440
126086
125204
128862
128099
123751
126008
107465
123766
129416
100096
129428
129429
129424
113399
129454
120437
129455
128582
126066
109771
119195
121867
125946
109325
112346
116018
126612
63721
115626
72032
120830
122209
115791
109368
115570
102812
72893
124787
128493
116473
88323
121277
129490
123650
123514
123516
127707
121530
129473
129511
129528
125770
69237
129517
129477
121127
129508
129381
87450
122065
129114
129111
113079
122826
128934
128131
118162
126086
128615
98812
113002
128140
124293
121800
81182
81846
129164
129131
119296
129383
105258
129049
128188
104890
125267
129068
84197
72893
95776
128858
110404
110013
119724
129478
128875
109890
97421
97833
102595
95451
111339
93225
93685
111040
93910
118910
110929
120128
128850
116548
119405
129365
106193
114789
115239
114721
121563
105981
63985
117630
107757
121794
129298
106485
113686
128944
129603
71098
113409
108056
115331
114366
129356
123516
102912
123552
88323
123514
72893
104830
127048
117005
112897
120708
122606
121550
125642
117537
118168
119901
125831
111741
125430
109210
125967
128619
128946
124737
129003
115794
129177
123770
122246
116575
122293
128568
109245
124022
127474
112731
122078
127400
125689
128859
124672
114968
128494
115674
115742
102940
121114
106123
112891
129551
122621
120944
108723
127446
99752
72893
124175
122633
126772
127186
127103
128219
124849
122408
127061
124197
124955
124196
127462
122819
123472
124918
123068
127633
126889
127458
127983
123899
124194
125460
121960
128141
129553
118640
83733
119608
129530
129385
119621
112171
129187
111662
118580
128827
129369
118379
76377
109240
129577
129574
129573
121166
104711
80105
118895
129209
72893
119344
113703
125510
129116
78020
127729
129585
120694
129590
116587
120745
113675
120606
118811
128571
123952
127034
127812
87543
124595
124377
123814
123510
128736
123620
124284
124290
128229
123997
122940
124825
127384
128645
124410
128227
124835
122953
128130
127503
124530
127369
124806
122997
128690
124713
125362
124897
125841
126779
125136
72893
107362
128445
125842
117298
126680
70046
127514
128341
127481
120313
123462
120326
123909
123922
114710
129426
114467
127642
123229
114054
120497
128225
113988
123165
126988
115500
127489
125155
125106
127565
129088
120008
119754
120022
115945
125023
126997
128606
119485
85181
128226
129064
119630
126993
129487
119442
126109
124831
128563
120630
72893
129150
116970
128810
96654
111527
111591
128261
111716
127007
122797
128907
127819
121560
123538
126489
105880
128400
120591
127261
92569
128968
129512
126492
104366
126580
124402
126562
126534
30131
128937
104470
118072
118017
128051
106641
106682
126191
121587
108273
126188
118713
129267
118716
126031
128807
129284
108042
92097
129333
103634
72893
120590
116493
119444
122004
124326
114761
92320
114765
114766
109488
124755
105157
115551
80308
119394
122010
122994
111145
117286
112440
98767
123886
123517
115500
110815
126109
128810
129088
126031
128807
126188
121019
128507
125791
129487
102695
125842
128445
125843
121004
126191
120745
110782
110789
129267
129150
129149
113039
108273
124402
72893
116554
116552
126243
104919
126071
119962
123164
123162
123160
123161
126019
120031
80408
123842
102559
96025
116859
113268
126396
112615
126360
126373
117513
125303
122030
119810
122034
119037
126343
103163
103068
115785
116649
125268
125624
123616
125583
124115
125401
123504
123502
123501
123500
121431
123498
123541
121428
97870
123993
125179
72893
118708
111457
116681
127220
127234
121835
121840
121845
85084
124351
124184
124180
123910
127501
122166
76205
126679
111665
127164
125625
100578
102962
126606
116724
127282
127248
126500
127142
125555
124327
117055
124973
127057
127060
125656
126361
120584
118657
126773
125380
119772
122971
125134
122968
126770
125969
121650
71078
116553
126368
72893
115740
125242
125254
121471
116935
114010
128127
101722
108197
128035
118512
128013
128056
122094
128024
128019
128029
121610
117053
70200
116689
118079
125894
127907
127921
126056
121253
112374
95689
102966
101199
117038
119376
115080
125744
110679
117311
104198
117313
121957
126843
127225
127617
127598
113629
126330
122330
124951
126383
118604
72893
118246
118776
128388
128391
116820
116819
128361
127500
127471
115438
127472
113342
127469
127502
128291
126819
128289
126001
126649
128279
128285
128286
124538
90926
115404
128313
114742
128297
114759
125965
115271
121499
98337
116871
100105
117014
123932
80744
72078
127644
119873
127045
103162
119145
119127
122008
114767
101417
122845
124448
72893
109576
128664
119718
117041
128200
121929
100863
128320
127249
125672
125279
124623
90826
128437
128062
126671
116773
128559
128561
106210
128497
128574
128160
128560
125348
128373
128495
128496
120183
127919
128539
121250
30790
127376
128338
127918
127402
127397
122851
127976
114762
122846
122849
127395
119849
125996
126630
125035
127465
128337
72893
115573
129058
122621
128665
127460
128866
121147
129073
128387
102672
118972
128340
104868
122434
126382
110722
126300
113660
111554
126463
126369
129633
126964
128886
126376
127442
123095
128489
106770
128066
129437
120608
118542
104211
128590
126130
123780
123154
128768
124048
92424
124226
119374
128726
117641
105753
127466
128383
126109
107270
72893
128874
127200
123815
125411
128772
128454
117078
115442
127193
112592
128700
128763
128811
125029
117202
128808
128805
102562
128792
125193
115268
113377
112581
110197
112584
124834
112590
128753
128719
128750
119535
117235
128635
128745
127954
128758
121646
128757
124249
104811
127777
117388
117847
126931
128685
114145
128614
118494
122788
127244
72893
115256
129095
128155
118783
128922
128957
128312
116295
120770
128293
114760
115269
107960
125706
125729
125044
103121
108506
119047
129115
121193
128316
128898
128889
129035
116707
110601
127251
94836
120103
128516
125043
117919
125335
126592
104660
127426
128721
128717
128713
125239
118645
127319
127635
111775
128902
127200
125411
123815
128874
72893
118413
128553
126584
126460
126821
128075
105999
128078
104201
120186
122167
125377
93144
128595
122635
128903
103077
119398
87619
126748
115522
84009
126750
123493
116277
122419
127532
129067
126694
128205
126876
128501
129119
100140
104947
127980
120318
122237
128452
124247
122233
127197
128782
126072
125809
126622
126623
128409
125706
115269
72893
129279
121582
121581
128023
121294
128392
121237
115333
128428
121236
121235
121233
103275
121539
121232
125218
111168
121231
122718
126025
121693
125608
116467
129103
129269
129276
128079
128901
129283
121895
124632
124625
128129
125714
120192
120377
129153
117389
117380
128734
102512
121726
125585
50704
126880
126584
128581
122635
118413
128078
72893
129188
126352
118441
127620
129364
125629
127808
125539
125541
99975
125552
126616
125375
125591
126596
122717
120286
125502
122987
124480
125503
124609
122974
125405
126661
129331
118516
109512
120718
128616
117996
100497
121564
120520
122302
101493
129319
123428
128841
96556
127405
128983
118697
128429
121233
120378
120377
121231
128734
125714
72893
128267
129417
126686
129409
127226
128269
129412
94786
128273
128301
129427
129399
127047
126804
126578
127559
98231
78308
129391
128183
127310
127042
127308
92867
129225
122710
129189
129085
128467
129388
129190
129293
127926
128477
129241
125848
121439
127464
125174
129259
123989
124961
126049
126051
125813
128490
125253
116211
129389
121606
72893
126321
126276
122339
121625
118201
121870
122045
122072
113311
118606
118226
122266
124401
122271
129305
126234
125682
129226
122960
128593
116507
129414
122973
124143
124080
124043
128754
128589
124779
129089
128461
126038
117034
122611
122624
122632
109557
121021
126000
123436
120404
128603
127725
129400
129425
126599
129405
129408
129439
126820
72893
73866
129423
120541
123048
126369
129185
110489
120218
117970
129491
129505
124768
116998
124792
118630
129027
129489
124886
129464
124761
124198
128644
127297
128958
127304
129507
128932
129495
128276
124683
128638
116019
123563
119816
125252
119950
125357
126908
128575
125365
126945
129527
123985
128877
127599
121624
122306
113270
125548
126275
72893
127624
129563
129565
127584
127625
119958
120289
120290
123655
127510
129569
128832
124436
129562
118352
118343
118342
121633
128801
119978
120576
122148
121827
127291
128132
129610
129578
122575
127285
122939
127837
122560
128175
120953
121776
102106
120807
110946
120961
121878
124222
121888
128067
121764
120315
74841
120663
126174
122537
125436
72893
129359
129358
106930
111228
129215
129196
100020
126877
114806
125285
115201
126953
129436
125227
125186
128573
125521
129161
125734
111712
101739
125724
112385
101354
112386
129176
112726
115578
124528
120288
127722
87180
119455
78231
129583
128908
119126
123107
119046
76939
120713
128917
128924
127799
128256
129541
123774
129558
129556
123553
72893
118428
127446
123494
96898
105295
126926
126149
129503
124735
128829
128055
124103
111006
128640
126618
117199
128180
112133
128661
54855
120058
128504
129127
129357
118579
125422
129159
124258
128723
129155
126780
124388
91906
117720
126992
129598
127923
115652
128965
70371
129195
127828
126979
115583
111372
127601
129474
126744
121550
116573
72893
109388
116513
125764
126660
125459
125027
104054
121039
120039
125704
126975
127813
123780
124067
111006
118987
117720
106574
124765
129158
122277
127366
129411
124861
128833
98260
128400
129348
129223
105753
126990
123341
128859
125945
126149
126166
129003
126077
96634
82194
123909
87030
91812
62782
73015
128751
126382
72447
128543
118731